7
3
3e+06
0.45
Ellipse
0.5
0.5
           1
      1.0009
    0.996603
    0.997901
    0.999758
    0.998411
           1
           0
  -0.0194684
   0.0532829
   0.0280246
  0.00941161
  0.00450351
           0
           0
 1.00729e-08
 1.43003e-08
 1.45595e-08
 1.11118e-08
 5.37107e-09
           0
           1
    0.999663
     1.00157
    0.999756
    0.998929
    0.999666
           1
           0
    0.167275
    0.345574
 -0.00952631
    0.110336
   0.0331433
           0
           0
-4.05756e-09
-6.48409e-09
-1.00813e-08
-5.15801e-09
-4.64403e-09
           0
           0
 1.17281e-10
 2.03349e-10
 1.87008e-10
 1.84453e-10
 1.73985e-10
           0
           0
 -6.5605e-09
-8.90182e-09
-1.11635e-08
-6.38523e-09
-4.73127e-09
           0
           0
   0.0754888
   -0.473345
    0.386327
   -0.384772
     0.18801
           0
    0.018865
   0.0747946
  -0.0786354
    0.111875
  -0.0468115
    0.043569
 1.29092e-09
 7.04838e-10
 4.86591e-10
-1.50701e-09
-8.62721e-10
-1.60277e-09
     1.00054
     1.00032
     1.00131
     1.00059
     1.00187
     1.00251
 2.79611e-09
 7.83728e-09
 1.41637e-08
 1.33105e-08
 8.85592e-09
 4.77025e-09
    0.115472
   0.0994382
    0.189576
    0.106036
 -0.00770279
    0.122588
 2.86831e-08
 1.58997e-08
 6.46635e-09
 3.18928e-09
 2.23155e-09
 -5.9463e-11