25
2
100000
0.45
Ellipse
0.25
0.25
 1.00644
 1.02466
 1.18241
 1.58736
  1.6545
 1.66731
 1.66936
 1.66731
  1.6545
 1.58736
 1.18241
 1.02466
 1.00644
 1.02466
 1.18241
 1.58736
  1.6545
 1.66731
 1.66936
 1.66731
  1.6545
 1.58736
 1.18241
 1.02466
 1.00644
 1.00644
 1.02466
 1.18241
 1.58736
  1.6545
 1.66731
 1.66936
 1.66731
  1.6545
 1.58736
 1.18241
 1.02466
 1.00644
 1.02466
 1.18241
 1.58736
  1.6545
 1.66731
 1.66936
 1.66731
  1.6545
 1.58736
 1.18241
 1.02466
 1.00644
       0
       0
       0
       0
       0
       0
       0
       0
       0
       0
       0
       0
       0
       0
       0
       0
       0
       0
       0
       0
       0
       0
       0
       0
       0
       0
       0
       0
       0
       0
       0
       0
       0
       0
       0
       0
       0
       0
       0
       0
       0
       0
       0
       0
       0
       0
       0
       0
       0
       0
       0
       0
       0
       0
       0
       0
       0
       0
       0
       0
       0
       0
       0
       0
       0
       0
       0
       0
       0
       0
       0
       0
       0
0.974556
0.830582
 1.58513
 1.64833
 1.66603
 1.66954
 1.66954
 1.66603
 1.64833
 1.58513
0.830582
0.974556
0.974556
0.830582
 1.58513
 1.64833
 1.66603
 1.66954
 1.66954
 1.66603
 1.64833
 1.58513
0.830582
0.974556
       0
       0
       0
       0
       0
       0
       0
       0
       0
       0
       0
       0
       0
       0
       0
       0
       0
       0
       0
       0
       0
       0
       0
       0
       0
       0
       0
       0
       0
       0
       0
       0
       0
       0
       0
       0
       0
       0
       0
       0
       0
       0
       0
       0
       0
       0
       0
       0
       0
       0
       0
       0
       0
       0
       0
       0
       0
       0
       0
       0
       0
       0
       0
       0
       0
       0
       0
       0
       0
       0
       0
       0
       0
       0
       0