15
2
100000
0.3
Rect
0.5
0.25
-5.64658e-11
-1.48847e-10
-2.22289e-10
-2.74732e-10
-3.06996e-10
-3.27168e-10
-3.31388e-10
 -3.3122e-10
 -3.2718e-10
 -3.1916e-10
-3.11049e-10
 -3.0749e-10
-3.02973e-10
-3.07208e-10
   0.0259462
   0.0256511
   0.0251331
   0.0244656
   0.0237118
   0.0229241
   0.0221453
   0.0214088
   0.0207404
   0.0201596
   0.0196807
   0.0193138
   0.0190657
   0.0189406
     1.00055
     1.00161
     1.00255
     1.00338
      1.0041
     1.00472
     1.00524
     1.00567
     1.00603
     1.00632
     1.00654
      1.0067
      1.0068
     1.00685
   -0.775181
   -0.707418
   -0.640783
   -0.575735
   -0.512573
   -0.451457
   -0.392427
   -0.335425
   -0.280313
   -0.226893
   -0.174914
   -0.124091
  -0.0741127
   -0.024647
-5.68017e-10
-2.72296e-09
 -4.7637e-09
-6.07433e-09
-5.68046e-09
-6.54528e-09
-6.47702e-09
-5.60898e-09
-5.58414e-09
 -4.0987e-09
-3.89817e-09
-1.35839e-09
-1.43185e-09
-6.09076e-10
-2.94478e-08
-2.29067e-08
-1.85983e-08
-1.36127e-08
-9.97273e-09
-7.22207e-09
-4.37875e-09
-3.28342e-09
-1.72139e-09
-5.29558e-10
-6.48325e-10
 3.87541e-10
 3.36447e-10
-7.49762e-09