11
3
3e+06
0.45
Ellipse
0.5
0.5
   0.0123015
   0.0122656
   0.0122044
   0.0121287
   0.0120474
   0.0119685
   0.0118981
    0.011841
   0.0118011
   0.0117805
 1.40064e-11
 3.51599e-11
 4.99005e-11
 5.84197e-11
 6.13242e-11
 6.26949e-11
 6.26738e-11
 6.10059e-11
 6.49591e-11
 6.69619e-11
     1.00012
     1.00035
     1.00055
     1.00072
     1.00087
     1.00099
     1.00109
     1.00116
     1.00121
     1.00123
 -6.3404e-10
-1.85552e-09
-2.99821e-09
-3.39482e-09
-3.45142e-09
  -3.249e-09
-2.61576e-09
-1.80741e-09
-9.97818e-10
-3.07393e-10
    0.188519
    0.168193
    0.147957
    0.127842
    0.107864
   0.0880247
   0.0683136
   0.0487116
   0.0291925
  0.00972498
-7.58589e-09
-4.82344e-09
-3.69603e-09
-1.98346e-09
-1.51937e-09
-9.17089e-10
-4.52148e-10
-2.57837e-10
 -1.8061e-09
 6.33639e-10