11
3
3e+06
0.45
Rect
0.5
1
           1
    0.999793
    0.999789
    0.999823
    0.999856
    0.999891
    0.999913
     0.99993
    0.999949
    0.999941
           1
           0
   0.0312167
 0.000865075
   0.0169499
   0.0045546
  0.00889457
  0.00463093
   0.0046241
  0.00258205
    0.001465
           0
           0
  2.9094e-11
 1.32714e-11
 4.40378e-11
  6.9141e-11
 7.50755e-11
 6.21695e-11
-7.81495e-12
 4.39765e-11
-3.07877e-12
           0
           1
     1.00003
     1.00002
     1.00001
    0.999999
    0.999999
    0.999989
    0.999971
     0.99999
    0.999981
           1
           0
   0.0159984
   0.0222734
   0.0227924
   0.0200543
   0.0171774
    0.013658
   0.0103298
  0.00683749
  0.00344307
           0
           0
 3.68138e-11
-1.82803e-11
 -1.3831e-11
 6.51982e-11
 7.47744e-11
-2.62467e-12
-6.89847e-11
 2.27562e-11
 7.18687e-11
           0
           0
-2.36995e-11
-3.29136e-12
-1.96319e-11
 6.79067e-13
 1.54228e-12
-6.08478e-11
 7.01359e-11
-2.32296e-11
 -4.8005e-11
           0
           0
 1.21011e-11
-2.06225e-11
-2.56081e-11
-5.36919e-12
 8.01096e-13
-3.23828e-11
-4.31167e-11
-1.28421e-11
 4.34061e-11
           0
           0
 -0.00395062
 -0.00675922
 -0.00720221
 -0.00634803
 -0.00553721
 -0.00437527
 -0.00335246
 -0.00219985
 -0.00111545
           0
 0.000481976
   0.0168849
 0.000915318
   0.0071801
  0.00298543
  0.00469634
  0.00386914
    0.004196
  0.00406589
  0.00410609
-5.69548e-12
-1.21549e-12
-1.76494e-11
 5.01892e-14
-1.54581e-12
-2.86501e-11
 2.55019e-11
-7.62603e-12
 9.61909e-11
-4.83363e-11
     1.00011
     1.00011
     1.00005
     1.00006
     1.00009
     1.00012
     1.00013
     1.00015
     1.00016
     1.00009
-3.09641e-11
  1.6914e-11
 1.81609e-11
-4.40283e-11
 2.89181e-11
-1.79823e-10
-1.06802e-10
 1.45519e-10
 7.53912e-11
 4.35709e-10
   0.0455505
   0.0512137
   0.0390398
   0.0395876
   0.0301403
   0.0265693
   0.0196431
   0.0145205
  0.00851186
  0.00289862
 -3.7027e-10
-9.44339e-11
-5.11614e-11
-1.43529e-10
 2.35641e-11
-2.42839e-10
 4.80702e-10
 1.51055e-10
-4.01775e-10
  5.6847e-10