15
2
100000
0.3
Rect
0.5
0.25
           1
     1.00104
     1.00139
     1.00116
      1.0007
     1.00019
     0.99971
    0.999291
    0.998942
    0.998663
    0.998467
    0.998371
    0.998433
    0.998805
           1
           1
    0.989821
    0.990083
    0.991336
    0.992598
    0.993729
    0.994699
    0.995513
    0.996183
    0.996721
    0.997136
    0.997428
      0.9976
    0.997777
           1
           0
 3.86944e-07
-3.45394e-07
 6.55117e-08
 2.67967e-07
-5.50716e-07
 4.83303e-07
 2.28262e-07
-1.82107e-06
 4.20572e-06
-6.11686e-06
 5.97814e-06
-4.04625e-06
 1.83914e-06
           0
-3.63457e-09
-1.29103e-09
 1.74696e-09
-2.36186e-09
 2.00302e-09
 8.13683e-11
-4.45293e-09
 8.66803e-09
-1.44339e-08
 1.19594e-08
 1.61585e-09
-1.25452e-08
 1.16293e-08
-9.20141e-09
   0.0259891
   0.0256846
   0.0251474
   0.0244564
   0.0236783
   0.0228681
   0.0220693
    0.021316
   0.0206341
   0.0200426
   0.0195556
    0.019183
   0.0189312
   0.0188045
     1.00237
     1.00499
     1.00535
     1.00558
     1.00582
     1.00604
     1.00624
     1.00641
     1.00655
     1.00666
     1.00673
     1.00676
     1.00667
     1.00586
   -0.781573
   -0.719668
   -0.650521
   -0.582724
   -0.517302
    -0.45445
   -0.394145
   -0.336255
   -0.280565
   -0.226807
   -0.174674
   -0.123829
  -0.0739044
  -0.0245084
-5.92736e-08
 -1.6932e-08
 2.48015e-08
-3.59132e-08
 2.15068e-08
 -2.5502e-09
-4.99858e-08
 7.85366e-08
-1.16953e-07
 7.34097e-08
 5.26035e-09
-4.82931e-08
 2.67127e-08
-8.52294e-09
-3.18446e-06
 5.55376e-06
-2.88174e-06
-1.32174e-06
 5.81056e-06
-7.77588e-06
 2.69908e-06
 1.27709e-05
 -4.0699e-05
 7.28074e-05
 -8.6339e-05
 7.01419e-05
-3.98879e-05
 1.22623e-05