7
3
3e+06
0.45
Rect
0.5
0.5
           1
    0.998907
    0.999378
    0.999486
    0.999667
    0.999621
           1
           1
     1.00027
     1.00012
    0.999915
    0.999858
    0.999672
           1
           0
-1.02215e-11
-1.41983e-11
-1.07494e-11
 -5.6759e-12
-1.38312e-12
           0
  0.00966191
   0.0096374
  0.00960082
  0.00956361
  0.00953419
  0.00951811
  9.9802e-12
  2.5264e-11
  3.2975e-11
 3.58802e-11
  3.6422e-11
  3.6404e-11
     1.00036
     1.00061
     1.00055
     1.00057
     1.00063
     1.00044
-5.64917e-10
-1.67918e-09
-2.05189e-09
-1.85172e-09
 -1.2208e-09
-4.34679e-10
    0.109046
   0.0891124
   0.0691427
   0.0492955
   0.0295384
  0.00983631
-4.16448e-09
-2.38419e-09
-1.20371e-09
-5.24083e-10
-1.72665e-10
 6.96458e-11