11
3
3e+06
0.45
Ellipse
0.5
0.5
           1
    0.997928
    0.998248
    0.998509
    0.998761
     0.99897
     0.99914
    0.999268
    0.999377
     0.99933
           1
           1
     1.00054
     1.00052
     1.00025
     1.00004
    0.999858
    0.999711
    0.999594
     0.99953
    0.999379
           1
           0
-1.69669e-11
-2.99472e-11
-3.32184e-11
-3.06902e-11
-2.49896e-11
-1.79355e-11
-1.09974e-11
-5.41509e-12
-1.79559e-12
           0
   0.0123014
   0.0122653
   0.0122038
   0.0121275
   0.0120459
   0.0119665
   0.0118958
   0.0118386
   0.0117984
   0.0117778
 1.54887e-11
  4.2037e-11
 6.00382e-11
 7.15031e-11
 7.75314e-11
 8.00896e-11
 8.00903e-11
 7.91805e-11
 7.78585e-11
 7.71746e-11
     1.00066
     1.00122
     1.00116
     1.00119
      1.0012
     1.00121
     1.00122
     1.00122
     1.00129
     1.00085
 -7.0553e-10
-2.38685e-09
-3.35282e-09
-3.84015e-09
-3.88172e-09
-3.64744e-09
-3.05386e-09
-2.32827e-09
-1.44541e-09
-7.44168e-10
    0.188938
    0.168851
    0.148437
    0.128181
    0.108093
   0.0881733
   0.0684047
    0.048762
   0.0292173
  0.00972566
-8.34957e-09
-6.21408e-09
-4.39459e-09
-2.93946e-09
-1.94483e-09
 -1.1527e-09
-6.41191e-10
-2.59085e-10
-2.22105e-10
 1.18982e-10