15
2
100000
0.3
Rect
0.5
0.25
           1
    0.999695
    0.999408
    0.999146
    0.998915
    0.998714
    0.998543
      0.9984
    0.998285
    0.998201
     0.99816
    0.998183
    0.998333
    0.998765
           1
           1
    0.999672
     0.99937
    0.999103
     0.99887
    0.998669
    0.998498
    0.998353
    0.998233
    0.998132
    0.998043
    0.997955
    0.997861
    0.997875
           1
           0
 6.01175e-10
 5.80332e-10
 4.62884e-10
 3.50018e-10
 2.55981e-10
  1.8228e-10
 1.26803e-10
 8.36418e-11
 5.30493e-11
 3.42854e-11
 2.26898e-11
 1.96761e-11
 1.37951e-11
           0
-6.99139e-11
-1.69818e-10
-2.40011e-10
-2.87565e-10
-3.18881e-10
-3.39523e-10
-3.47523e-10
-3.46322e-10
-3.44863e-10
-3.50576e-10
-3.32388e-10
 -3.3232e-10
-3.30736e-10
-3.29123e-10
   0.0259409
   0.0256461
   0.0251289
   0.0244626
   0.0237103
   0.0229244
   0.0221473
   0.0214123
   0.0207453
   0.0201657
   0.0196876
   0.0193213
   0.0190736
   0.0189488
     1.00055
     1.00159
     1.00253
     1.00336
     1.00408
      1.0047
     1.00522
     1.00565
     1.00601
     1.00629
      1.0065
     1.00662
     1.00658
     1.00581
   -0.775358
   -0.707407
   -0.640636
   -0.575515
   -0.512338
    -0.45125
   -0.392274
   -0.335334
    -0.28028
   -0.226899
    -0.17494
   -0.124114
  -0.0741167
  -0.0246429
-1.12187e-09
-2.88251e-09
-4.07843e-09
  -4.979e-09
-5.33609e-09
-5.32543e-09
-5.09952e-09
-4.66993e-09
-4.26005e-09
-3.85591e-09
-3.48815e-09
-1.87732e-09
-7.26958e-10
 -4.3497e-10
-3.33266e-08
-2.30512e-08
-1.68654e-08
-1.26466e-08
-9.19611e-09
 -6.5665e-09
-4.55739e-09
-3.21389e-09
-1.79035e-09
 -1.3232e-09
-7.20873e-10
-4.86222e-10
-8.94156e-10
 -2.7281e-10