11
3
3e+06
0.45
Rect
0.5
1
           1
    0.999987
    0.999976
    0.999965
    0.999957
    0.999949
    0.999942
    0.999937
    0.999931
    0.999921
           1
           1
    0.999988
    0.999977
    0.999967
    0.999959
    0.999952
    0.999946
    0.999944
    0.999945
    0.999956
           1
           0
-4.09288e-11
-3.42624e-11
-2.03719e-11
 -1.1069e-11
-9.20362e-12
-6.53997e-12
 -5.9411e-12
-8.91179e-12
-1.17172e-11
           0
  0.00483313
  0.00483184
  0.00482963
  0.00482688
  0.00482392
  0.00482103
  0.00481843
  0.00481632
  0.00481484
  0.00481407
 4.23713e-13
 1.10924e-12
 1.53078e-12
 1.74218e-12
 1.83411e-12
 1.94514e-12
 2.03323e-12
 2.05566e-12
 2.13513e-12
 2.35613e-12
     1.00001
     1.00004
     1.00006
     1.00008
      1.0001
     1.00012
     1.00013
     1.00014
     1.00014
     1.00009
-7.79483e-12
-5.73036e-11
-7.04957e-11
-5.53029e-11
 -6.6678e-11
 -4.8033e-11
-4.01426e-11
-6.32482e-11
-3.58823e-12
-2.71583e-11
   0.0568602
   0.0508615
   0.0448652
   0.0388723
   0.0328832
    0.026898
   0.0209164
   0.0149378
  0.00896158
  0.00298698
-5.96588e-10
-3.56041e-10
-2.35864e-10
-5.76517e-11
-6.56011e-11
-7.18864e-11
 5.78356e-13
-5.22879e-11
-5.43315e-11
 -1.5262e-10