7
3
3e+06
0.45
Rect
0.5
0.5
           1
    0.998968
    0.999377
    0.999562
    0.999666
    0.999665
           1
           0
   0.0529005
 -0.00784288
   0.0329445
 -0.00437326
   0.0110351
           0
           0
 7.03798e-10
 1.21862e-09
 1.28066e-09
 9.82998e-10
 4.46054e-10
           0
           1
     1.00029
     1.00016
    0.999929
    0.999879
    0.999735
           1
           0
   0.0744673
   0.0529558
   0.0406233
   0.0263714
   0.0136139
           0
           0
 2.24066e-10
 4.82789e-10
 4.75708e-10
 3.50795e-10
 1.40129e-10
           0
           0
-1.19118e-11
 -1.4223e-11
 -1.3831e-11
-9.74697e-12
-2.37009e-12
           0
           0
-2.53702e-10
-3.73151e-10
-4.12589e-10
-3.30417e-10
-1.40444e-10
           0
           0
  -0.0214898
   -0.019252
  -0.0131914
 -0.00887815
   -0.004511
           0
  0.00449105
   0.0194004
  0.00193051
   0.0150067
  0.00631852
    0.010645
 7.97435e-12
 1.64877e-11
 5.30026e-11
 2.07063e-11
 5.68448e-11
 3.39153e-11
     1.00048
     1.00063
     1.00051
     1.00056
     1.00064
     1.00045
-5.71391e-10
-1.56824e-09
 -1.9308e-09
-1.78845e-09
-1.10405e-09
-2.45142e-10
   0.0937902
   0.0960748
    0.063699
   0.0547674
   0.0241871
   0.0154202
-4.22665e-09
 -2.4307e-09
-1.24536e-09
-5.34633e-10
-2.18398e-10
-7.99588e-11