7
3
3e+06
0.45
Rect
0.5
0.5
           1
    0.999919
    0.999856
    0.999792
    0.999794
    0.999655
           1
           1
    0.999919
    0.999856
    0.999792
    0.999794
    0.999655
           1
           0
           0
           0
           0
           0
           0
           0
  0.00966191
  0.00963747
  0.00960101
  0.00956389
  0.00953453
  0.00951848
 1.18039e-11
  3.0023e-11
 3.92705e-11
  4.3103e-11
 4.39653e-11
 4.40704e-11
     1.00009
     1.00025
     1.00039
     1.00047
      1.0006
     1.00044
 -6.0064e-10
-1.76634e-09
-2.09215e-09
-1.85477e-09
-1.20753e-09
-3.79627e-10
    0.108914
   0.0889528
   0.0690622
   0.0492539
    0.029518
  0.00983291
-4.88897e-09
-2.83104e-09
-1.43191e-09
-6.52727e-10
-1.73578e-10
-5.32281e-11