15
2
100000
0.3
Rect
0.5
0.25
           1
     1.00102
     1.00139
     1.00118
     1.00074
     1.00024
    0.999767
    0.999346
    0.998991
    0.998708
    0.998506
    0.998405
    0.998463
    0.998825
           1
           0
-6.16735e-09
 3.09218e-09
-2.98891e-09
 4.13387e-09
-1.09722e-08
  1.3432e-08
 -1.5155e-08
 8.96094e-09
-4.32084e-09
-4.75705e-10
-2.15276e-09
 6.89739e-09
-1.25936e-08
           0
           0
    0.139882
    0.193009
    0.211641
    0.209776
    0.197602
    0.179689
    0.158882
    0.136669
    0.113863
   0.0908967
   0.0679842
   0.0452052
   0.0225604
           0
           1
    0.990423
    0.990244
    0.991427
     0.99261
    0.993715
    0.994677
    0.995495
    0.996179
    0.996728
     0.99715
    0.997453
    0.997627
    0.997811
           1
           0
-5.34888e-10
-2.35768e-09
-6.42263e-10
-3.25793e-09
-9.32882e-10
-3.62877e-09
-7.93912e-10
 -3.1687e-09
-1.02458e-09
-1.65611e-09
-1.26741e-09
-4.41954e-10
 -5.3544e-10
           0
           0
    0.180083
   0.0980665
    0.102787
   0.0845394
   0.0754037
   0.0648801
   0.0557014
   0.0468608
   0.0385196
   0.0304408
    0.022621
   0.0149846
  0.00745527
           0
           0
-1.04882e-07
 1.53628e-07
-1.32574e-07
 8.85966e-08
-7.94066e-08
 1.32771e-07
-2.08584e-07
  2.3337e-07
-1.51003e-07
-2.11661e-08
 1.96734e-07
-2.70263e-07
  1.9092e-07
           0
           0
  -0.0349305
  -0.0567437
  -0.0656864
  -0.0670336
  -0.0641247
  -0.0588794
  -0.0523812
  -0.0452468
  -0.0378037
  -0.0302396
  -0.0226488
  -0.0150729
  -0.0075267
           0
           0
-1.47371e-10
 1.10131e-09
 -3.2977e-10
 1.86389e-09
-5.03679e-10
 2.05832e-09
-5.10336e-10
 1.61835e-09
 9.94236e-11
 5.10819e-10
 5.66577e-10
 5.12058e-11
 1.76596e-10
           0
 4.91761e-10
-2.44369e-09
 5.27477e-09
-7.53404e-09
 9.37158e-09
-1.12245e-08
 1.18361e-08
-1.31983e-08
  1.3837e-08
-1.46871e-08
   1.319e-08
-1.05919e-08
 5.67821e-09
-1.88911e-09
    0.020074
   0.0503865
   0.0297372
   0.0280222
   0.0234766
   0.0215372
   0.0198352
   0.0186774
   0.0177574
   0.0170674
   0.0165352
   0.0161519
   0.0159049
   0.0157807
     1.00248
     1.00407
     1.00327
     1.00335
     1.00372
     1.00424
     1.00478
     1.00528
      1.0057
     1.00606
     1.00633
      1.0065
     1.00651
     1.00576
   -0.685612
   -0.711664
   -0.635524
   -0.580209
   -0.516739
   -0.456502
   -0.397099
   -0.339692
   -0.283952
   -0.229888
   -0.177243
   -0.125748
  -0.0750875
  -0.0249163
-2.08249e-09
  -1.489e-09
-4.75039e-09
-4.37162e-09
-5.98227e-09
-4.93493e-09
-6.21139e-09
-4.24883e-09
-4.80462e-09
-4.16886e-09
-2.07537e-09
-3.57253e-09
 3.97594e-10
-8.96338e-10
 -1.9596e-08
-7.31612e-09
-1.64359e-08
-3.76905e-09
-8.19202e-09
 1.76668e-09
-1.17673e-08
 9.55998e-09
-9.15955e-09
 1.38084e-09
 6.18432e-09
-1.18528e-08
 1.15808e-08
-4.51375e-09